0 0.360156 0.831250 0.267188 0.109722
0 0.751953 0.845833 0.214844 0.100000
0 0.603516 0.729861 0.166406 0.076389
0 0.852344 0.775000 0.107813 0.052778
0 0.955859 0.825000 0.088281 0.136111
0 0.053516 0.356944 0.105469 0.072222
0 0.380859 0.607639 0.203906 0.081944
0 0.201563 0.545833 0.235937 0.063889
0 0.660156 0.536111 0.500000 0.069444
0 0.826953 0.679861 0.263281 0.134722
0 0.631641 0.644444 0.099219 0.077778
0 0.400000 0.937500 0.328125 0.108333
0 0.554688 0.838194 0.090625 0.062500
0 0.710938 0.941667 0.153125 0.113889
0 0.933203 0.967361 0.128906 0.054167
0 0.089453 0.832639 0.177344 0.040278
0 0.076953 0.900694 0.141406 0.062500
0 0.044922 0.681250 0.088281 0.056944
0 0.264062 0.672222 0.175000 0.058333
0 0.112891 0.431944 0.142969 0.069444
