0 0.550391 0.691667 0.071094 0.050000
0 0.477734 0.707639 0.047656 0.029167
0 0.715625 0.700694 0.062500 0.034722
0 0.574219 0.575694 0.039062 0.037500
0 0.698438 0.596528 0.043750 0.034722
0 0.712500 0.574306 0.028125 0.020833
0 0.773047 0.535417 0.039844 0.029167
0 0.827344 0.634722 0.031250 0.044444
0 0.507812 0.552778 0.104688 0.033333
0 0.620313 0.593056 0.081250 0.069444
0 0.838672 0.525694 0.069531 0.026389
0 0.938672 0.515278 0.088281 0.025000
0 0.975781 0.565972 0.042188 0.054167
0 0.948047 0.642361 0.069531 0.023611
0 0.837109 0.554167 0.044531 0.030556
0 0.917969 0.565278 0.057813 0.019444
